0 0.498355 0.355038 0.032895 0.026224
2 0.664063 0.488345 0.071546 0.190854
1 0.924753 0.656617 0.150493 0.407933
1 0.304276 0.333185 0.036184 0.186483
1 0.361020 0.261796 0.078947 0.037879
1 0.613898 0.263253 0.115954 0.049535
1 0.655428 0.352853 0.037829 0.129664
1 0.893092 0.015075 0.110197 0.030149
1 0.353618 0.034520 0.034539 0.067018
1 0.074424 0.018717 0.115954 0.037434
1 0.076891 0.562647 0.153782 0.214165
1 0.273026 0.790429 0.250000 0.419142
1 0.688322 0.799899 0.253289 0.400202
1 0.479030 0.706880 0.163651 0.176285
3 0.498377 0.873875 0.037338 0.080527
3 0.538961 0.396465 0.034091 0.083403
3 0.078328 0.784001 0.041396 0.044577