0 0.498646 0.370628 0.035211 0.029750
1 0.556332 0.117563 0.074836 0.134035
1 0.555921 0.317887 0.075658 0.147147
1 0.791530 0.376892 0.079770 0.142776
1 0.404194 0.373978 0.074836 0.139863
1 0.356086 0.594699 0.080592 0.150061
1 0.820724 0.884399 0.087171 0.231202
1 0.645970 0.883671 0.078125 0.232658
1 0.710115 0.946318 0.048520 0.107364
1 0.349507 0.918636 0.082237 0.162727
1 0.565378 0.950688 0.084704 0.098623
1 0.412829 0.947046 0.042763 0.105908
1 0.261513 0.949231 0.090461 0.101537
1 0.130757 0.920093 0.090461 0.159813
2 0.348684 0.157628 0.067434 0.176285
2 0.432155 0.758600 0.078125 0.145690
3 0.068588 0.463331 0.039773 0.076213