1 0.344968 0.433853 0.112013 0.163930
1 0.652192 0.283584 0.114448 0.188376
1 0.941153 0.113902 0.114448 0.148112
1 0.659091 0.527322 0.115260 0.138046
1 0.670049 0.908897 0.049513 0.182206
1 0.306412 0.852305 0.081981 0.181186
1 0.021104 0.477711 0.042208 0.139484
1 0.036932 0.100241 0.073864 0.123666
3 0.727679 0.287898 0.036526 0.081965
3 0.011769 0.288617 0.023538 0.089155
3 0.150568 0.395746 0.038149 0.073337
3 0.166396 0.187958 0.038961 0.077651
2 0.436688 0.548172 0.071429 0.202755
2 0.798295 0.492091 0.077110 0.188376