2 0.142451 0.801976 0.075487 0.227201
3 0.769481 0.318814 0.037338 0.083403
3 0.764205 0.204495 0.033279 0.070461
1 0.687094 0.676872 0.075487 0.169682
1 0.891640 0.422349 0.124188 0.299100
1 0.921266 0.799100 0.045455 0.143798
1 0.698864 0.957069 0.082792 0.085861
1 0.377029 0.773216 0.043019 0.207069
1 0.253247 0.735829 0.030844 0.138046
1 0.191153 0.414440 0.044643 0.084841
1 0.232955 0.335351 0.035714 0.142360
1 0.236201 0.175735 0.045455 0.125104
1 0.105519 0.271361 0.076299 0.066147
0 0.497971 0.390713 0.039773 0.034512
1 0.732143 0.256981 0.037338 0.080527