0 0.497565 0.382086 0.038961 0.025884
2 0.579545 0.531636 0.073052 0.212821
1 0.698458 0.213842 0.036526 0.138046
1 0.976461 0.404374 0.047078 0.289034
1 0.792208 0.563271 0.045455 0.089155
1 0.834821 0.593469 0.039773 0.143798
1 0.838880 0.922767 0.078734 0.054643
1 0.804383 0.975044 0.064935 0.049912
1 0.494724 0.113902 0.075487 0.145236
1 0.034091 0.474835 0.038961 0.145236
1 0.248782 0.708507 0.137175 0.468782
1 0.405438 0.910544 0.242695 0.171120
1 0.596997 0.863090 0.192370 0.162492
1 0.549513 0.704193 0.113636 0.138046
1 0.354302 0.446795 0.111201 0.273216
3 0.386364 0.796224 0.035714 0.054643
1 0.400568 0.045088 0.034903 0.090175