0 0.498646 0.371587 0.035211 0.029750
1 0.278440 0.058874 0.036836 0.117748
1 0.747833 0.055368 0.038462 0.105566
1 0.865954 0.408944 0.078947 0.131121
1 0.888158 0.708337 0.083882 0.059733
1 0.851151 0.787738 0.083882 0.093242
1 0.477385 0.247956 0.226151 0.240389
1 0.657484 0.508741 0.120888 0.453097
1 0.474507 0.791380 0.245066 0.336544
1 0.274260 0.654432 0.153783 0.185027
1 0.168997 0.033063 0.033717 0.055362
1 0.144737 0.963800 0.049342 0.072399
1 0.081414 0.728005 0.049342 0.101983
1 0.027138 0.787738 0.054276 0.093242
1 0.341283 0.481789 0.105263 0.256415