0 0.498917 0.371587 0.036836 0.035509
1 0.740543 0.780454 0.086349 0.090328
1 0.236842 0.451922 0.042763 0.144233
1 0.137336 0.403116 0.152961 0.043707
1 0.067023 0.564832 0.045230 0.262242
1 0.957237 0.626022 0.042763 0.134035
1 0.896793 0.151072 0.114309 0.215622
2 0.343339 0.157628 0.068257 0.193768
2 0.736842 0.392189 0.075658 0.202509
1 0.316612 0.944132 0.083882 0.111736
1 0.261924 0.738932 0.053454 0.129664
1 0.942845 0.965986 0.114309 0.068028
1 0.960938 0.864226 0.073191 0.123837
1 0.544819 0.089882 0.035362 0.128207
1 0.272615 0.074585 0.510691 0.103440
1 0.379523 0.674100 0.061678 0.125294
1 0.581414 0.111736 0.037829 0.090328