2 0.439556 0.211533 0.071546 0.167544
0 0.497533 0.373250 0.037829 0.036423
1 0.149671 0.094981 0.296053 0.185027
1 0.832648 0.109773 0.334704 0.219546
1 0.481908 0.036200 0.371711 0.072399
1 0.655016 0.339012 0.040296 0.192311
1 0.596628 0.395103 0.074836 0.088871
1 0.306743 0.336099 0.036184 0.189397
1 0.364720 0.392189 0.078125 0.100526
1 0.624589 0.706880 0.041941 0.147147
1 0.519737 0.738932 0.162829 0.088871
1 0.671464 0.976184 0.043586 0.047632
1 0.917763 0.819790 0.057566 0.125294
1 0.945724 0.719264 0.105263 0.061190
1 0.268503 0.781911 0.083059 0.055362
1 0.286184 0.906476 0.044408 0.182113
1 0.032484 0.723634 0.061678 0.058276
1 0.037829 0.817605 0.052632 0.144233
3 0.111607 0.381367 0.034903 0.050329
3 0.104302 0.436010 0.034903 0.038825