3 0.644481 0.341822 0.034091 0.074775
1 0.553571 0.703474 0.081169 0.162492
1 0.783279 0.827141 0.047078 0.156740
1 0.768669 0.525165 0.120130 0.145236
1 0.719156 0.302997 0.043831 0.132294
1 0.784497 0.372739 0.080357 0.153864
1 0.603490 0.276394 0.039773 0.087717
1 0.240666 0.794067 0.043019 0.234391
1 0.377435 0.970730 0.086039 0.058540
1 0.555601 0.971449 0.081981 0.057102
1 0.109578 0.765308 0.038961 0.165368
1 0.055601 0.440324 0.039773 0.099221
1 0.105114 0.336070 0.043019 0.083403
2 0.375000 0.630856 0.081169 0.195565