0 0.497159 0.379929 0.044643 0.041701
2 0.818588 0.540982 0.072240 0.188376
1 0.908279 0.332475 0.113636 0.096345
1 0.915990 0.182925 0.085227 0.185500
1 0.972808 0.033584 0.054383 0.067168
1 0.717127 0.388556 0.036526 0.084841
1 0.758117 0.415878 0.035714 0.142360
1 0.751623 0.707788 0.081169 0.061833
1 0.713474 0.798381 0.082792 0.096345
3 0.404627 0.503595 0.039773 0.076213
3 0.321023 0.604254 0.039773 0.058957
3 0.281656 0.537388 0.037338 0.040263
1 0.351867 0.261295 0.221591 0.244457
1 0.193182 0.434572 0.134740 0.263151
1 0.161120 0.661054 0.185877 0.186938
1 0.335633 0.791910 0.242695 0.330736
1 0.516640 0.694846 0.127435 0.133732
1 0.585633 0.610725 0.077110 0.089155
1 0.523133 0.324566 0.116071 0.063271
1 0.629464 0.062343 0.033279 0.124686