2 0.777597 0.082639 0.150974 0.131497
2 0.839286 0.196270 0.043831 0.075754
0 0.498782 0.375649 0.036526 0.031445
2 0.632711 0.207705 0.075487 0.052885
2 0.666802 0.549311 0.046266 0.613177
2 0.621753 0.810877 0.037338 0.098623
2 0.621347 0.510005 0.038149 0.214398
2 0.846185 0.915801 0.138799 0.168398
2 0.568994 0.973688 0.087662 0.052624
2 0.397321 0.908785 0.081981 0.154366
2 0.443994 0.514293 0.069805 0.443089
2 0.405844 0.177689 0.077922 0.090047
2 0.554789 0.069775 0.077110 0.114345
2 0.370942 0.049050 0.081169 0.072895
2 0.190747 0.046192 0.081169 0.070037
2 0.019886 0.067631 0.039772 0.130068
2 0.070211 0.504288 0.077110 0.448806
2 0.142045 0.186265 0.081169 0.107199
2 0.080357 0.903782 0.081169 0.172947
1 0.535308 0.259875 0.036526 0.220115
1 0.596185 0.321335 0.070617 0.117204
1 0.254870 0.503573 0.118506 0.187241
1 0.634334 0.044048 0.064123 0.062890
1 0.940747 0.730835 0.082792 0.164372
1 0.282062 0.046906 0.038149 0.074325
1 0.253247 0.787293 0.116883 0.140073
1 0.904627 0.022608 0.086851 0.042880