1 0.512581 0.257016 0.070617 0.151508
1 0.173701 0.382081 0.066558 0.333031
1 0.527597 0.696531 0.116883 0.081471
1 0.201705 0.032029 0.122565 0.064058
4 0.913149 0.423531 0.163961 0.773261
4 0.330763 0.871492 0.624188 0.257016
4 0.706575 0.771570 0.068994 0.108628
4 0.797890 0.775144 0.056818 0.095764
4 0.811282 0.943673 0.106331 0.112654
2 0.721997 0.140527 0.189123 0.224403
2 0.745536 0.515008 0.146916 0.335890
2 0.279627 0.378508 0.070617 0.305874
2 0.325081 0.086212 0.065747 0.104340
2 0.545455 0.041189 0.061688 0.054314
2 0.058036 0.091215 0.078734 0.125780
2 0.073458 0.369932 0.073864 0.303015
2 0.295860 0.670803 0.060877 0.058602
2 0.471997 0.594335 0.075487 0.094335
2 0.430195 0.375649 0.071429 0.174377
0 0.499594 0.382081 0.038149 0.032874