7 0.632711 0.105508 0.060877 0.088618
7 0.685877 0.077637 0.032468 0.141502
2 0.808036 0.527157 0.073864 0.323026
2 0.562906 0.362785 0.075487 0.117204
2 0.609172 0.545024 0.072240 0.207251
2 0.567776 0.713683 0.075487 0.112916
2 0.975649 0.882343 0.042208 0.092906
1 0.836445 0.329911 0.073864 0.048597
1 0.870536 0.497141 0.039773 0.260136
1 0.923701 0.860188 0.042208 0.145790
1 0.972403 0.802301 0.040584 0.044309
1 0.582386 0.272738 0.109578 0.042880
1 0.626623 0.355639 0.035714 0.100052
1 0.634334 0.761565 0.036526 0.200104
1 0.566558 0.829458 0.082792 0.075754
4 0.385146 0.500000 0.137175 0.980512
4 0.045860 0.134809 0.047890 0.084330
4 0.205357 0.237720 0.061688 0.072895
4 0.056412 0.785149 0.099838 0.364476
4 0.216315 0.738696 0.132305 0.403068
4 0.044643 0.460694 0.071429 0.104340
4 0.117695 0.340631 0.063312 0.058602
4 0.199269 0.344204 0.065747 0.068607
4 0.273945 0.459979 0.043019 0.074325
4 0.155844 0.054053 0.087662 0.077183