0 0.497971 0.381367 0.036526 0.034304
8 0.567370 0.456406 0.034091 0.067178
2 0.685065 0.358498 0.121753 0.268712
2 0.946429 0.375649 0.102273 0.262994
2 0.964286 0.667945 0.068182 0.078612
2 0.898945 0.899364 0.093344 0.201272
2 0.692776 0.711539 0.213474 0.277288
2 0.278815 0.521440 0.309253 0.185811
2 0.400162 0.247725 0.073052 0.090047
2 0.421266 0.740125 0.095779 0.125780
2 0.415990 0.936526 0.093344 0.126948
2 0.164367 0.938086 0.166396 0.115775
1 0.860795 0.153390 0.106331 0.127209
1 0.579951 0.354924 0.060877 0.112916
1 0.890828 0.573610 0.122565 0.110057
1 0.569805 0.933798 0.120130 0.107199
1 0.187906 0.112071 0.260552 0.224142
1 0.040990 0.825884 0.077110 0.294439
1 0.058847 0.469984 0.080357 0.354471