0 0.500000 0.384940 0.030844 0.024298
1 0.633523 0.104794 0.068994 0.192958
1 0.741477 0.062629 0.132305 0.094335
1 0.785308 0.165540 0.067370 0.077183
1 0.679383 0.482134 0.076299 0.210110
1 0.605114 0.718686 0.078734 0.197246
1 0.540179 0.893062 0.125812 0.094335
1 0.302354 0.062629 0.073864 0.074325
1 0.479302 0.314903 0.073864 0.075754
1 0.422078 0.191267 0.042208 0.060031
8 0.497565 0.642932 0.120130 0.068607
3 0.552760 0.087642 0.074675 0.147220
3 0.711445 0.191267 0.064123 0.131497
3 0.857143 0.094788 0.071429 0.141502
3 0.974432 0.347063 0.051136 0.140073
3 0.964692 0.678665 0.070616 0.134356
3 0.979302 0.931523 0.041396 0.136953
3 0.789773 0.679379 0.121753 0.144361
3 0.802354 0.925222 0.114448 0.138644
3 0.021510 0.081925 0.043019 0.132927
3 0.419643 0.296322 0.030844 0.135785
3 0.465909 0.236291 0.029221 0.050026