0 0.499188 0.367788 0.035714 0.035733
7 0.099838 0.520725 0.121753 0.087188
7 0.143669 0.417100 0.035714 0.111487
7 0.049513 0.297037 0.094156 0.182953
7 0.815747 0.462123 0.040584 0.207251
7 0.880682 0.521440 0.079545 0.094335
7 0.952110 0.292034 0.092532 0.161513
7 0.875000 0.244867 0.035714 0.090047
1 0.155844 0.101935 0.311688 0.181523
1 0.493506 0.044762 0.345779 0.067178
1 0.840909 0.106223 0.318182 0.181523
1 0.620130 0.399948 0.107143 0.082900
1 0.659091 0.295608 0.032468 0.100052
1 0.304383 0.344919 0.035714 0.178665
1 0.362825 0.398518 0.061688 0.080042
1 0.541802 0.751560 0.206981 0.091476
1 0.625812 0.668660 0.030844 0.065749
1 0.922078 0.788722 0.050325 0.174377
1 0.976867 0.725118 0.034903 0.041450
1 0.267045 0.793010 0.077922 0.051455
1 0.286120 0.913788 0.043019 0.155796
1 0.029627 0.732979 0.052760 0.054314
1 0.036932 0.837319 0.039773 0.105770
2 0.497159 0.627924 0.216721 0.135785
2 0.954545 0.945232 0.090909 0.092906
2 0.978896 0.826599 0.042208 0.118633
2 0.741071 0.932369 0.108766 0.124351
2 0.365666 0.292749 0.077110 0.100052
2 0.437906 0.364215 0.049513 0.142932
2 0.599026 0.293464 0.066558 0.095764
2 0.213474 0.917230 0.087662 0.165540
2 0.019075 0.941659 0.038149 0.082900