3 0.327922 0.249869 0.068182 0.348754
3 0.404221 0.380652 0.077922 0.104340
3 0.538555 0.182691 0.185877 0.194387
3 0.572240 0.052624 0.105519 0.071466
3 0.764205 0.258445 0.112825 0.354471
3 0.906656 0.367073 0.165584 0.168660
3 0.909497 0.669374 0.181006 0.347324
3 0.585227 0.659369 0.126623 0.636046
3 0.696023 0.902353 0.085227 0.187241
3 0.689935 0.555743 0.074675 0.111487
3 0.336445 0.869479 0.190747 0.250131
0 0.496347 0.382081 0.049513 0.038592
4 0.150568 0.520010 0.168019 0.943350
4 0.029221 0.618633 0.056818 0.726093
1 0.753247 0.745843 0.116883 0.097194
1 0.912744 0.142671 0.166396 0.254419
1 0.727679 0.039760 0.185877 0.054314
1 0.668425 0.124804 0.059253 0.078612