0 0.501623 0.369217 0.035714 0.024298
7 0.817776 0.247725 0.038149 0.184382
7 0.871347 0.188409 0.064123 0.077183
7 0.960227 0.354924 0.068182 0.095764
7 0.935877 0.437110 0.066558 0.048597
7 0.138799 0.183406 0.108766 0.078612
7 0.170860 0.284888 0.039773 0.101482
7 0.052760 0.380652 0.102273 0.150078
2 0.480925 0.073349 0.182630 0.127209
2 0.497971 0.284888 0.153409 0.095764
2 0.614042 0.363500 0.072240 0.150078
2 0.380682 0.367073 0.077922 0.157225
2 0.078328 0.942243 0.138799 0.115514
2 0.114042 0.773000 0.073864 0.157225
2 0.879464 0.838748 0.088474 0.303015
2 0.963880 0.935227 0.067370 0.127209
1 0.911932 0.021179 0.109578 0.037162
1 0.674107 0.340631 0.039773 0.195817
1 0.615666 0.258445 0.059253 0.045738
1 0.359578 0.259875 0.107143 0.045738
1 0.320211 0.364215 0.028409 0.134356
1 0.365260 0.037616 0.029221 0.064319
1 0.085633 0.570037 0.161526 0.194387
1 0.296672 0.786578 0.221591 0.418790
1 0.559659 0.696531 0.286526 0.110057
1 0.709010 0.881628 0.252435 0.220115
1 0.765422 0.673662 0.115260 0.172947
1 0.914367 0.605770 0.161526 0.162942
1 0.967532 0.781576 0.056818 0.128639
6 0.432224 0.803015 0.033279 0.060031
6 0.555195 0.802301 0.035714 0.058602
6 0.560877 0.980120 0.024351 0.039760
6 0.429789 0.975832 0.036526 0.048336
5 0.560065 0.893777 0.022727 0.092906
5 0.432630 0.893777 0.021104 0.095764