2 0.590097 0.149102 0.086039 0.287293
2 0.818588 0.474987 0.198864 0.152937
2 0.732549 0.842322 0.081981 0.155796
2 0.860390 0.813735 0.167208 0.221544
2 0.973214 0.837319 0.048701 0.162942
2 0.386769 0.129807 0.112825 0.240125
2 0.360795 0.304183 0.077110 0.085759
2 0.053977 0.599338 0.103084 0.067178
7 0.454140 0.635785 0.119318 0.094335
7 0.497159 0.748701 0.038149 0.105770
7 0.286120 0.773000 0.031656 0.094335
7 0.348214 0.831602 0.076299 0.117204
7 0.392451 0.924507 0.070617 0.051455
1 0.382305 0.408524 0.116883 0.077183
1 0.424107 0.310615 0.031656 0.087188
1 0.653815 0.112655 0.031656 0.217256
1 0.690747 0.422817 0.045455 0.148649
1 0.797890 0.374935 0.150974 0.055743
1 0.982955 0.250584 0.034090 0.304445
1 0.708604 0.729406 0.126623 0.058602
1 0.667614 0.845895 0.039773 0.131497
1 0.975649 0.725118 0.048701 0.044309
1 0.099432 0.416385 0.190747 0.321597
1 0.125406 0.118372 0.103084 0.208680
1 0.133929 0.855900 0.264610 0.280146
1 0.182224 0.652222 0.130682 0.104340
5 0.029627 0.229144 0.049513 0.041450
5 0.036120 0.085498 0.049513 0.037162
0 0.499188 0.370647 0.038961 0.030016