0 0.499188 0.385655 0.043831 0.037162
3 0.907062 0.583484 0.181006 0.833031
3 0.912338 0.085498 0.094156 0.160084
3 0.487825 0.126948 0.100649 0.205822
3 0.523945 0.302754 0.041396 0.114345
3 0.583198 0.069061 0.068994 0.092906
3 0.700893 0.322765 0.081981 0.285864
3 0.638393 0.415670 0.033279 0.057173
3 0.674919 0.642217 0.172890 0.178665
3 0.251623 0.484992 0.181818 0.310162
3 0.247971 0.144815 0.218344 0.238696
3 0.033685 0.436395 0.067370 0.218686
3 0.205357 0.863631 0.168831 0.272738
3 0.442776 0.865191 0.127435 0.267282
3 0.683847 0.932369 0.179383 0.127209
1 0.396104 0.193411 0.060065 0.135785
1 0.781250 0.407094 0.062500 0.145790
1 0.670860 0.503573 0.081981 0.070037
1 0.635146 0.801586 0.080357 0.108628
1 0.334416 0.930939 0.073052 0.121492
1 0.077922 0.927366 0.074675 0.125780
1 0.107143 0.454976 0.064935 0.121492