2 0.599838 0.106938 0.073052 0.191529
2 0.737825 0.179833 0.185065 0.202963
2 0.215503 0.227715 0.150162 0.107199
2 0.484984 0.732264 0.083604 0.273000
2 0.148539 0.742984 0.105519 0.477392
2 0.043831 0.957382 0.087662 0.071466
2 0.946429 0.646505 0.107142 0.315879
2 0.963068 0.454262 0.065747 0.054314
2 0.984578 0.163396 0.030844 0.107199
9 0.909497 0.232718 0.122565 0.134356
1 0.943182 0.054768 0.105519 0.101482
1 0.515422 0.061199 0.074675 0.091476
1 0.904627 0.378508 0.181006 0.088618
1 0.576299 0.865191 0.079545 0.258707
1 0.703328 0.935942 0.158279 0.108628
1 0.250000 0.417814 0.073052 0.224403
1 0.114448 0.436395 0.173701 0.098623
1 0.050731 0.706536 0.070617 0.398780
5 0.349838 0.239149 0.092532 0.121492
5 0.402597 0.652222 0.058442 0.055743
5 0.238636 0.661513 0.053571 0.062890
6 0.645292 0.515722 0.071429 0.128639
7 0.706169 0.489280 0.038961 0.084330
5 0.164773 0.120516 0.017857 0.070037
4 0.016234 0.166385 0.032468 0.332770
0 0.500406 0.377079 0.038149 0.034304