2 0.217532 0.303469 0.074675 0.115775
2 0.868912 0.268451 0.070617 0.117204
2 0.820211 0.080495 0.068994 0.141502
2 0.617289 0.121945 0.044643 0.230120
2 0.660308 0.197699 0.030032 0.107199
2 0.723214 0.326338 0.087662 0.070037
2 0.734984 0.639358 0.168019 0.101482
2 0.770698 0.480704 0.085227 0.198675
2 0.745130 0.788008 0.086039 0.144361
2 0.927760 0.450689 0.084416 0.078612
2 0.947240 0.618633 0.071429 0.208680
2 0.905844 0.919505 0.115260 0.155796
2 0.467532 0.763709 0.125000 0.270141
2 0.491883 0.586474 0.073052 0.067178
2 0.092532 0.487851 0.058442 0.152937
2 0.174919 0.457120 0.083604 0.085759
2 0.396916 0.382796 0.129870 0.131497
2 0.452110 0.262019 0.066558 0.087188
2 0.226055 0.109796 0.073864 0.128639
2 0.190747 0.669374 0.087662 0.138644
0 0.498782 0.377079 0.034903 0.028586
1 0.346591 0.547882 0.120130 0.150078
1 0.357549 0.824455 0.085227 0.214398
1 0.680195 0.443542 0.076299 0.152937
1 0.697240 0.073349 0.099026 0.118633
1 0.722808 0.215566 0.056006 0.140073
1 0.967938 0.176974 0.064123 0.122921
1 0.960227 0.023323 0.079545 0.027157
1 0.357549 0.126948 0.114448 0.140073
1 0.064529 0.857329 0.059253 0.262994
1 0.678571 0.951534 0.126623 0.096932
4 0.054789 0.108367 0.106331 0.185811
4 0.035714 0.314903 0.064935 0.164372
4 0.028409 0.561461 0.056818 0.274429
4 0.012581 0.939515 0.025162 0.050026
4 0.008523 0.783720 0.017045 0.135785