0 0.498782 0.375649 0.031656 0.025728
2 0.552354 0.173401 0.153409 0.327314
1 0.888799 0.168398 0.220779 0.308733
1 0.956981 0.442827 0.086038 0.185811
1 0.797484 0.908070 0.125812 0.164372
1 0.452922 0.975963 0.125000 0.045738
1 0.064123 0.870193 0.055195 0.245843
1 0.228896 0.262019 0.120130 0.141502
1 0.028003 0.256301 0.056006 0.124351
8 0.432224 0.537162 0.072240 0.151508
2 0.710227 0.360642 0.082792 0.147220
2 0.660714 0.713683 0.125000 0.441659
2 0.941153 0.633641 0.046266 0.132927
2 0.949269 0.969400 0.094968 0.061199
2 0.342938 0.879484 0.086851 0.224403
2 0.428166 0.868764 0.060877 0.122921
2 0.390016 0.684382 0.086851 0.140073
2 0.237825 0.504288 0.094156 0.314450
2 0.229708 0.158393 0.125000 0.065749
2 0.273133 0.061914 0.046266 0.107199
2 0.033685 0.152676 0.065747 0.051455
2 0.006088 0.419244 0.012175 0.161513
2 0.171672 0.870193 0.078734 0.248701