0 0.499594 0.365644 0.031656 0.025728
2 0.500000 0.109796 0.188312 0.105770
2 0.944399 0.272024 0.073864 0.124351
2 0.914773 0.430678 0.087662 0.195817
2 0.967532 0.599338 0.061688 0.112916
2 0.719968 0.459264 0.082792 0.278717
2 0.459010 0.806589 0.206981 0.161513
2 0.244318 0.409953 0.077922 0.303015
2 0.042614 0.435681 0.078734 0.260136
2 0.029627 0.248440 0.047890 0.080042
7 0.825081 0.034042 0.107955 0.060031
7 0.135958 0.037616 0.104708 0.058602
7 0.886769 0.961670 0.130682 0.068607
7 0.064935 0.963683 0.125000 0.072634
1 0.520698 0.216280 0.151786 0.078612
1 0.615260 0.180547 0.035714 0.135785
1 0.656656 0.537162 0.038961 0.328743
1 0.701705 0.650793 0.043019 0.098623
1 0.878653 0.239149 0.043019 0.147220
1 0.943588 0.181262 0.068994 0.045738
1 0.905844 0.649364 0.042208 0.218686
1 0.967532 0.718686 0.063312 0.100052
1 0.424107 0.685097 0.195617 0.052885
1 0.290179 0.234862 0.068994 0.038592
1 0.306006 0.390657 0.030844 0.250131
1 0.054789 0.187694 0.094968 0.044309
1 0.084010 0.273453 0.041396 0.081471
1 0.040179 0.660798 0.065747 0.164372