2 0.673701 0.106223 0.185065 0.184382
2 0.809659 0.157678 0.072240 0.181523
2 0.896916 0.221998 0.086039 0.187241
2 0.948458 0.044048 0.081981 0.062890
2 0.976867 0.599338 0.046266 0.215827
2 0.715097 0.547882 0.168831 0.230120
2 0.176136 0.326338 0.108766 0.112916
2 0.233766 0.478560 0.073052 0.134356
2 0.287744 0.567178 0.111201 0.154366
2 0.043831 0.811591 0.087662 0.148649
2 0.068588 0.063343 0.070617 0.104340
0 0.500000 0.375649 0.038961 0.031445
6 0.525974 0.259875 0.034091 0.042880
6 0.487013 0.309186 0.032468 0.047167
6 0.011364 0.278456 0.012987 0.065749
7 0.530844 0.335628 0.030844 0.068607
5 0.569805 0.604340 0.097403 0.062890
1 0.633117 0.732264 0.167208 0.121492
1 0.388799 0.611487 0.074675 0.220115
1 0.048295 0.608628 0.081981 0.200104
1 0.146510 0.513579 0.062500 0.187241
1 0.976461 0.364215 0.045455 0.231549
1 0.928571 0.411382 0.034091 0.125780
2 0.861201 0.378508 0.079545 0.094335
4 0.188312 0.892348 0.172078 0.161513
4 0.410714 0.880913 0.193182 0.170089
4 0.715909 0.881628 0.300325 0.151508