0 0.498782 0.400662 0.046266 0.030016
6 0.676542 0.309901 0.034903 0.082900
6 0.962256 0.112655 0.031656 0.074325
6 0.565747 0.842322 0.038961 0.084330
1 0.628653 0.645790 0.166396 0.080042
1 0.558036 0.289176 0.036526 0.130068
9 0.315341 0.271309 0.213474 0.197246
9 0.367695 0.557173 0.103896 0.325884
9 0.230114 0.823026 0.130682 0.214398
9 0.649756 0.857329 0.106331 0.180094
9 0.913149 0.683667 0.152597 0.155796
9 0.889610 0.394230 0.144481 0.128639
9 0.634334 0.215566 0.093344 0.088618
1 0.616477 0.313474 0.064123 0.081471
1 0.174107 0.034042 0.216721 0.051455
1 0.037744 0.497856 0.056006 0.241555
1 0.242289 0.510720 0.039773 0.238696
5 0.629464 0.725832 0.142045 0.057173
5 0.284497 0.507861 0.025162 0.227262
9 0.066558 0.262019 0.115260 0.155796
9 0.043019 0.813021 0.076299 0.228691
9 0.333604 0.812306 0.056818 0.121492