0 0.500812 0.384940 0.037338 0.030016
3 0.645292 0.061914 0.076299 0.121492
3 0.425325 0.269880 0.076299 0.097194
3 0.444805 0.189123 0.038961 0.052885
3 0.245536 0.041189 0.073864 0.062890
3 0.155032 0.291320 0.074675 0.148649
3 0.253247 0.554314 0.074675 0.120063
3 0.313312 0.575039 0.030844 0.061461
3 0.392451 0.925091 0.046266 0.149817
3 0.217938 0.933667 0.127435 0.132665
3 0.034091 0.923793 0.061688 0.118633
3 0.012175 0.401377 0.021104 0.140073
1 0.055195 0.214136 0.110390 0.160084
1 0.193182 0.159108 0.141234 0.152937
1 0.351461 0.243437 0.060065 0.104340
1 0.809659 0.115514 0.026786 0.065749
1 0.889610 0.122660 0.029221 0.065749
1 0.500406 0.911644 0.083604 0.100052
1 0.356331 0.626495 0.038961 0.144361
1 0.294237 0.660798 0.062500 0.055743