0 0.498782 0.379223 0.038149 0.044309
1 0.785308 0.219139 0.075487 0.138644
1 0.986201 0.174116 0.027597 0.131497
1 0.403003 0.381367 0.075487 0.128639
1 0.137581 0.221998 0.068994 0.135785
1 0.689935 0.810162 0.076299 0.045738
3 0.893669 0.184835 0.150974 0.295869
3 0.687500 0.199843 0.116883 0.297298
3 0.530438 0.250584 0.176136 0.101482
3 0.268669 0.298466 0.172078 0.283005
3 0.048701 0.198414 0.097402 0.280146
3 0.242289 0.049765 0.114448 0.082900
3 0.441153 0.609343 0.164773 0.164372
3 0.679789 0.712254 0.158279 0.127209
3 0.921266 0.737981 0.128247 0.192958
3 0.916396 0.482134 0.159091 0.150078
3 0.167208 0.722974 0.212662 0.145790
3 0.251218 0.578612 0.043019 0.108628
3 0.433847 0.799442 0.158279 0.067178