3 0.510146 0.087642 0.038149 0.141502
3 0.626623 0.127663 0.176948 0.132927
3 0.662744 0.455691 0.122565 0.368764
3 0.826299 0.778717 0.082792 0.122921
3 0.594562 0.799442 0.117695 0.138644
3 0.219968 0.671518 0.032468 0.140073
3 0.196429 0.099791 0.214286 0.191529
3 0.181006 0.917361 0.084416 0.140073
0 0.500812 0.382081 0.040584 0.038592
8 0.546266 0.499285 0.037338 0.141502
8 0.458198 0.508576 0.025162 0.142932
1 0.509334 0.284173 0.124188 0.140073
1 0.500406 0.791581 0.043019 0.142932
1 0.827922 0.930225 0.068182 0.134356
1 0.934659 0.832316 0.116071 0.215827
1 0.971591 0.309901 0.042208 0.060031
1 0.980519 0.416385 0.032468 0.070037
1 0.202110 0.570037 0.074675 0.045738
1 0.287338 0.673662 0.064935 0.124351
1 0.264610 0.965112 0.063312 0.069775
1 0.093750 0.948806 0.081981 0.071466
1 0.355925 0.250584 0.030032 0.055743