1 0.492695 0.224856 0.042208 0.241555
1 0.809659 0.119087 0.064123 0.127209
1 0.857143 0.600767 0.115260 0.152937
1 0.619724 0.890204 0.130682 0.128639
1 0.363231 0.898780 0.127435 0.117204
1 0.127435 0.602911 0.121753 0.154366
1 0.172890 0.119801 0.068182 0.140073
0 0.499188 0.375649 0.038961 0.031445
2 0.653003 0.590762 0.120942 0.270141
2 0.616477 0.764424 0.041396 0.068607
2 0.739042 0.256301 0.065747 0.478821
2 0.818994 0.272738 0.079545 0.125780
2 0.806412 0.443542 0.054383 0.118633
2 0.984578 0.407094 0.030844 0.405926
2 0.959821 0.072634 0.080357 0.131497
2 0.403003 0.237006 0.067370 0.280146
2 0.335227 0.580756 0.113636 0.190099
2 0.368506 0.745843 0.047078 0.100052
2 0.244318 0.255587 0.060065 0.497403
2 0.165584 0.270594 0.076299 0.101482
2 0.181006 0.454976 0.050325 0.101482
2 0.011364 0.333484 0.021104 0.284434
2 0.034091 0.075493 0.068182 0.125780
2 0.043425 0.908070 0.085227 0.175806
2 0.071834 0.753704 0.049513 0.107199