8 0.427760 0.535733 0.079545 0.122921
8 0.555601 0.466411 0.049513 0.061461
8 0.483766 0.359927 0.042208 0.025728
1 0.549107 0.329197 0.068994 0.064319
1 0.828734 0.549311 0.240260 0.087188
1 0.938312 0.377793 0.077922 0.067178
1 0.696429 0.387084 0.084416 0.082900
1 0.329545 0.970115 0.172078 0.059770
5 0.333198 0.903068 0.148539 0.040021
5 0.395292 0.853041 0.019481 0.048597
5 0.824269 0.472843 0.223214 0.037162
6 0.401380 0.783720 0.038149 0.067178
9 0.670860 0.852327 0.262175 0.281576
9 0.941964 0.862332 0.116071 0.270141
9 0.238636 0.196270 0.097403 0.161513
0 0.497565 0.400662 0.038961 0.035733
9 0.318182 0.809447 0.100649 0.147220
4 0.209821 0.573610 0.107955 0.435942
4 0.646510 0.162681 0.702110 0.280146
4 0.017451 0.066202 0.028409 0.090047
4 0.107143 0.249155 0.137987 0.181523
4 0.035714 0.660084 0.069805 0.134356
4 0.115260 0.522869 0.055195 0.085759
4 0.107955 0.803730 0.042208 0.078612
4 0.212662 0.913073 0.053571 0.168660
4 0.027192 0.913788 0.054383 0.078612