1 0.687906 0.317047 0.080357 0.288722
1 0.860390 0.154820 0.274351 0.175806
1 0.038555 0.332770 0.067370 0.220115
1 0.148945 0.375649 0.130682 0.191529
1 0.085227 0.860903 0.168831 0.241555
1 0.231331 0.655081 0.097403 0.301586
1 0.290990 0.442827 0.120942 0.131497
1 0.397321 0.124089 0.036526 0.120063
1 0.203328 0.051909 0.067370 0.084330
1 0.447646 0.893062 0.077110 0.077183
1 0.492289 0.814450 0.083604 0.062890
8 0.465909 0.458550 0.027597 0.060031
3 0.778409 0.620777 0.084416 0.175806
3 0.846997 0.391372 0.075487 0.140073
3 0.978084 0.327767 0.043831 0.124351
3 0.681006 0.102650 0.074675 0.102911
3 0.474026 0.126948 0.105519 0.125780
3 0.554383 0.501429 0.038961 0.157225
3 0.559253 0.864476 0.034091 0.142932
3 0.114448 0.205561 0.066558 0.111487
3 0.260552 0.309186 0.069805 0.095764
3 0.328328 0.595764 0.072240 0.120063
3 0.227273 0.916646 0.094156 0.138644
3 0.031656 0.520725 0.040584 0.095764
3 0.018669 0.687241 0.034091 0.060031
3 0.150162 0.513579 0.027597 0.050026
3 0.143669 0.051909 0.038961 0.081471
0 0.498377 0.379937 0.038961 0.042880