8 0.579545 0.550741 0.037338 0.044309
8 0.422078 0.509291 0.034091 0.110057
0 0.499188 0.379223 0.035714 0.027157
2 0.246347 0.344919 0.070617 0.118633
2 0.559659 0.257731 0.155032 0.144361
2 0.598620 0.420673 0.077110 0.150078
2 0.730519 0.702248 0.170455 0.141502
2 0.778003 0.865905 0.073864 0.145790
2 0.877029 0.940945 0.085227 0.112916
2 0.916396 0.447115 0.092532 0.125780
2 0.040990 0.969400 0.081980 0.061199
2 0.090097 0.919505 0.086039 0.092906
2 0.271916 0.672947 0.160714 0.317309
2 0.010958 0.252013 0.021916 0.152937
1 0.988636 0.261304 0.022727 0.122921
1 0.858360 0.752989 0.067370 0.237267
1 0.942370 0.659369 0.092532 0.252989
1 0.600649 0.682238 0.076299 0.192958
1 0.327110 0.371361 0.079545 0.274429
1 0.233766 0.449974 0.084416 0.077183
6 0.761364 0.980120 0.045455 0.039760
7 0.499594 0.910929 0.036526 0.064319
7 0.454545 0.978691 0.040584 0.042618
6 0.499594 0.982979 0.034903 0.034042
6 0.416802 0.685097 0.101461 0.070037
1 0.021104 0.847324 0.042208 0.168660