3 0.659091 0.249155 0.508117 0.218686
3 0.956575 0.214851 0.080357 0.144361
3 0.194805 0.274882 0.254870 0.275858
3 0.282468 0.494283 0.086039 0.122921
3 0.081169 0.484992 0.076299 0.124351
3 0.524351 0.662942 0.250000 0.283005
3 0.791802 0.660798 0.127435 0.270141
3 0.844156 0.863047 0.037338 0.097194
3 0.892045 0.568607 0.063312 0.111487
3 0.989854 0.850898 0.020292 0.281576
3 0.545455 0.945947 0.220779 0.105770
3 0.261364 0.942374 0.173701 0.098623
3 0.040179 0.940230 0.080357 0.108628
0 0.493912 0.382796 0.052760 0.028586
1 0.120130 0.735837 0.131494 0.131497
1 0.690341 0.720115 0.067370 0.154366
1 0.394886 0.975963 0.068994 0.042880
1 0.129058 0.945232 0.073052 0.104340