2 0.623782 0.315618 0.081981 0.114345
2 0.654627 0.099076 0.059253 0.175806
2 0.842532 0.109082 0.068182 0.184382
2 0.977273 0.124804 0.045454 0.218686
2 0.888799 0.304898 0.077922 0.098623
2 0.952110 0.654366 0.094156 0.454523
2 0.593344 0.655796 0.092532 0.465958
2 0.383523 0.647934 0.081981 0.673209
2 0.506899 0.129092 0.077110 0.244413
2 0.225649 0.238435 0.181818 0.240125
0 0.503247 0.380652 0.055195 0.047167
1 0.771104 0.656510 0.123377 0.212968
1 0.745130 0.109796 0.032468 0.191529
1 0.785714 0.927235 0.142857 0.145529
1 0.469562 0.857329 0.075487 0.260136
1 0.060065 0.864476 0.120130 0.151508
1 0.087662 0.447830 0.105519 0.147220
1 0.405438 0.114084 0.106331 0.088618