0 0.498377 0.378508 0.034091 0.028586
2 0.705357 0.247011 0.094156 0.363047
2 0.790584 0.257016 0.055195 0.125780
2 0.978490 0.189838 0.041396 0.114345
2 0.977679 0.483563 0.041396 0.112916
2 0.961445 0.663657 0.073864 0.104340
2 0.973620 0.887345 0.051136 0.148649
2 0.724432 0.582900 0.161526 0.180094
2 0.782873 0.725832 0.041396 0.080042
2 0.254058 0.430678 0.045455 0.310162
2 0.301136 0.319906 0.034091 0.100052
2 0.296672 0.547882 0.039773 0.092906
2 0.430601 0.397804 0.081981 0.255848
2 0.468344 0.598623 0.071429 0.114345
2 0.468344 0.219139 0.068182 0.098623
2 0.336039 0.109082 0.094156 0.190099
2 0.049107 0.105508 0.090097 0.202963
2 0.101461 0.429249 0.051948 0.321597
2 0.046266 0.543594 0.043831 0.084330
2 0.059253 0.321335 0.032468 0.102911
2 0.026786 0.726547 0.051948 0.112916
2 0.342532 0.929510 0.089286 0.138644
1 0.532468 0.096932 0.107143 0.125780
1 0.846997 0.438539 0.112825 0.197246
1 0.976867 0.055482 0.043019 0.091476
1 0.490666 0.894492 0.122565 0.177235
1 0.450893 0.740125 0.038149 0.114345
1 0.175731 0.427105 0.047890 0.323026
8 0.562094 0.512149 0.060877 0.147220