2 0.670455 0.807303 0.089286 0.254419
2 0.559659 0.877340 0.116071 0.122921
2 0.829545 0.846610 0.040584 0.075754
2 0.037338 0.728691 0.074675 0.162942
4 0.418019 0.408524 0.831169 0.165801
4 0.929789 0.764293 0.140422 0.471414
4 0.119724 0.176974 0.221591 0.260136
4 0.327922 0.166254 0.126623 0.278717
4 0.595779 0.149817 0.327922 0.274429
4 0.889205 0.067631 0.185877 0.118633
4 0.972403 0.316333 0.055194 0.124351
4 0.890422 0.417814 0.081169 0.144361
1 0.760958 0.843036 0.067370 0.300157
1 0.071834 0.919374 0.143668 0.161252