5 0.929383 0.081925 0.056818 0.044309
6 0.872971 0.077637 0.036526 0.052885
6 0.980114 0.081925 0.025162 0.038592
0 0.498782 0.363500 0.038149 0.035733
2 0.556006 0.048336 0.073052 0.082900
2 0.594562 0.139812 0.078734 0.111487
2 0.370130 0.080495 0.073052 0.141502
2 0.115666 0.315618 0.189123 0.154366
2 0.111201 0.575754 0.155844 0.131497
2 0.234172 0.649364 0.072240 0.141502
2 0.920455 0.457120 0.157468 0.102911
2 0.972808 0.847194 0.054383 0.305612
7 0.459821 0.520725 0.036526 0.204392
7 0.519886 0.459264 0.068994 0.078612
7 0.604302 0.644361 0.085227 0.105770
7 0.664367 0.584330 0.031656 0.094335
7 0.560877 0.735123 0.073052 0.055743
1 0.535714 0.198414 0.035714 0.171518
1 0.594562 0.244152 0.077110 0.071466
1 0.308442 0.114799 0.043831 0.210110
1 0.351055 0.191982 0.038149 0.072895
1 0.088880 0.213422 0.171266 0.035733
1 0.256088 0.546453 0.119318 0.044309
1 0.299513 0.655796 0.034091 0.137215
1 0.014610 0.539306 0.022727 0.047167
1 0.802354 0.211278 0.093344 0.411644
1 0.926542 0.258445 0.138799 0.265853
1 0.760552 0.714398 0.128247 0.557434
1 0.901786 0.600767 0.129870 0.155796
1 0.886769 0.848039 0.094968 0.290152
1 0.501623 0.922233 0.384740 0.155534
1 0.653409 0.757992 0.063312 0.098623