1 0.055601 0.668660 0.080357 0.160084
1 0.083604 0.315618 0.061688 0.128639
1 0.063312 0.122660 0.120130 0.211539
1 0.233766 0.099076 0.188312 0.167230
1 0.443182 0.171972 0.214286 0.112916
1 0.759334 0.207705 0.109578 0.084330
1 0.766234 0.669374 0.079545 0.147220
1 0.982955 0.605770 0.034090 0.134356
1 0.349838 0.853756 0.074675 0.135785
0 0.500406 0.379223 0.034903 0.038592
3 0.701705 0.085498 0.221591 0.134356
3 0.710227 0.333484 0.225649 0.167230
3 0.885146 0.637929 0.155032 0.315879
3 0.909903 0.957251 0.172078 0.085498
3 0.657873 0.635785 0.117695 0.331602
3 0.492695 0.788008 0.191558 0.275858
3 0.201705 0.755848 0.189123 0.311591
3 0.183847 0.352780 0.106331 0.291581
3 0.382305 0.304898 0.264610 0.092906
3 0.022727 0.330626 0.045454 0.118633
3 0.422078 0.046906 0.102273 0.080042
3 0.931818 0.027026 0.100649 0.054052