0 0.502029 0.384225 0.036526 0.034304
2 0.745130 0.494997 0.144481 0.321597
2 0.717938 0.149817 0.179383 0.220115
2 0.545049 0.039760 0.077110 0.062890
2 0.448458 0.181977 0.051136 0.092906
2 0.324269 0.098362 0.081981 0.140073
2 0.071429 0.385655 0.087662 0.311591
2 0.064935 0.090500 0.073052 0.118633
2 0.449269 0.529301 0.034903 0.238696
2 0.488231 0.614345 0.046266 0.111487
2 0.249594 0.485707 0.057630 0.111487
2 0.260552 0.263448 0.055195 0.107199
2 0.274756 0.639358 0.046266 0.067178
2 0.032468 0.641502 0.040584 0.062890
1 0.170049 0.379937 0.057630 0.314450
1 0.514205 0.204131 0.056006 0.034304
1 0.530844 0.330626 0.029221 0.055743
4 0.436282 0.853626 0.838474 0.292748
4 0.914367 0.353495 0.171266 0.667491