9 0.634334 0.144945 0.200487 0.289890
9 0.954545 0.216995 0.090909 0.148649
9 0.343344 0.144815 0.204545 0.267282
9 0.032468 0.213422 0.064935 0.130068
0 0.504464 0.397804 0.043019 0.035733
8 0.547484 0.385655 0.034903 0.077183
8 0.462256 0.390657 0.026786 0.055743
1 0.818994 0.522869 0.183442 0.288722
1 0.926136 0.046192 0.134740 0.055743
1 0.593750 0.788722 0.120942 0.200104
1 0.374594 0.796583 0.122565 0.172947
1 0.484984 0.953678 0.158279 0.092644
1 0.015016 0.780861 0.030032 0.278717
1 0.204140 0.952963 0.043019 0.094074
1 0.765422 0.947961 0.042208 0.104078
1 0.404627 0.394230 0.077110 0.077183
1 0.588880 0.391372 0.038149 0.082900
1 0.060877 0.084783 0.097403 0.087188
8 0.506899 0.610057 0.107955 0.048597
5 0.830763 0.960824 0.059253 0.078351
5 0.929383 0.111226 0.125000 0.045738
5 0.487419 0.468555 0.210227 0.048597
5 0.136364 0.958096 0.058442 0.081471
2 0.611201 0.626495 0.082792 0.110057
2 0.620130 0.951534 0.081169 0.096932
2 0.358766 0.628639 0.099026 0.131497
2 0.352273 0.947376 0.089286 0.094335
6 0.881088 0.194126 0.036526 0.071466