1 0.798701 0.199843 0.076299 0.228691
1 0.980519 0.182691 0.030844 0.045738
1 0.541802 0.039760 0.211851 0.071466
1 0.618101 0.138383 0.060877 0.094335
1 0.041396 0.245581 0.074675 0.242984
1 0.137581 0.309186 0.098214 0.201534
1 0.050731 0.755133 0.101461 0.458811
1 0.160308 0.641502 0.098214 0.231549
1 0.223620 0.429963 0.044643 0.142932
1 0.591721 0.934382 0.168831 0.131236
9 0.272727 0.742269 0.095779 0.175806
9 0.057224 0.439254 0.067370 0.098623
2 0.501218 0.219854 0.156656 0.268712
2 0.903003 0.220568 0.112825 0.138644
2 0.967532 0.361356 0.061688 0.111487
2 0.795860 0.034757 0.077110 0.061461
2 0.099838 0.041189 0.144481 0.077183
2 0.166396 0.151961 0.125000 0.101482
2 0.320211 0.489280 0.116071 0.210110
2 0.495130 0.741555 0.269481 0.240125
2 0.197646 0.925806 0.169643 0.148388
2 0.192776 0.812306 0.054383 0.061461
0 0.497565 0.380652 0.043831 0.027157
7 0.680195 0.472128 0.035714 0.067178
7 0.716721 0.410668 0.038961 0.061461
6 0.723214 0.483563 0.030844 0.052885
6 0.681412 0.553599 0.041396 0.070037
6 0.961445 0.487136 0.026786 0.077183
5 0.636364 0.219854 0.097403 0.057173