1 0.573458 0.296322 0.073864 0.184382
1 0.846185 0.066202 0.111201 0.107199
1 0.877435 0.476416 0.112013 0.141502
1 0.562906 0.842322 0.127435 0.167230
1 0.047484 0.508576 0.077110 0.951926
1 0.201705 0.069061 0.208604 0.124351
2 0.384334 0.155534 0.077110 0.151508
0 0.500812 0.402092 0.032468 0.027157
2 0.262175 0.381367 0.310065 0.245843
2 0.673701 0.224142 0.121753 0.323026
2 0.926542 0.282029 0.138799 0.261565
2 0.984172 0.047752 0.031656 0.095503
2 0.879058 0.842322 0.092532 0.304445
2 0.676136 0.594335 0.209416 0.265853
2 0.412744 0.624351 0.083604 0.108628
2 0.409091 0.840892 0.079545 0.175806
2 0.165179 0.867335 0.145292 0.200104