0 0.495130 0.381367 0.035714 0.025728
1 0.651786 0.467126 0.035714 0.142932
1 0.751218 0.424246 0.065747 0.048597
1 0.779221 0.526442 0.043831 0.127209
1 0.944805 0.784434 0.102273 0.303015
1 0.829545 0.910929 0.116883 0.158654
1 0.602679 0.780146 0.081981 0.057173
1 0.624188 0.857329 0.040584 0.065749
1 0.454545 0.725118 0.050325 0.201534
1 0.388393 0.798013 0.070617 0.095764
1 0.132711 0.543594 0.119318 0.324455
1 0.146916 0.230574 0.113636 0.201534
1 0.474026 0.044762 0.066558 0.061461
1 0.568994 0.174830 0.034091 0.072895
1 0.604708 0.084783 0.030844 0.081471
3 0.384740 0.675806 0.076299 0.120063
3 0.536526 0.823026 0.042208 0.162942
3 0.579951 0.868764 0.031656 0.091476
3 0.693588 0.457835 0.030032 0.138644
3 0.732549 0.529301 0.030032 0.118633
3 0.846185 0.742984 0.073864 0.117204
3 0.987419 0.592906 0.025162 0.068607
3 0.275974 0.965112 0.126623 0.069775
3 0.060471 0.962384 0.120942 0.070037
3 0.032062 0.735123 0.064123 0.238696