0 0.497159 0.368503 0.041396 0.034304
7 0.436688 0.251299 0.037338 0.194387
7 0.494318 0.297752 0.069805 0.084330
7 0.547484 0.054053 0.106331 0.077183
7 0.587256 0.168398 0.103084 0.114345
2 0.945617 0.153390 0.082792 0.304445
2 0.848214 0.259160 0.095779 0.101482
2 0.576705 0.595764 0.078734 0.140073
2 0.533279 0.745843 0.087662 0.200104
2 0.116477 0.409238 0.193994 0.107199
2 0.114854 0.137668 0.153409 0.184382
2 0.230114 0.086212 0.068994 0.098623
2 0.323864 0.794439 0.087662 0.311591
8 0.511364 0.613631 0.037338 0.041450
8 0.573458 0.492139 0.077110 0.047167
1 0.251623 0.194841 0.105519 0.078612
1 0.289367 0.099791 0.033279 0.097194
1 0.015828 0.196270 0.026786 0.075754
1 0.733766 0.056911 0.238636 0.062890
1 0.728084 0.221998 0.142857 0.218686
1 0.870536 0.508576 0.244318 0.283005
1 0.826705 0.837319 0.075487 0.308733
1 0.130276 0.528586 0.159903 0.082900
1 0.234578 0.492139 0.038961 0.144361
1 0.253653 0.852327 0.033279 0.278717
5 0.949269 0.700819 0.056006 0.070037
5 0.965909 0.871623 0.051948 0.048597
6 0.886364 0.690099 0.029221 0.045738
6 0.897727 0.875196 0.035714 0.061461
6 0.995536 0.698675 0.008928 0.054314