0 0.497565 0.377793 0.042208 0.035733
2 0.492289 0.090500 0.068994 0.155796
2 0.629058 0.155534 0.178571 0.222974
2 0.933442 0.166254 0.133116 0.127209
2 0.884740 0.609343 0.230519 0.287293
2 0.337256 0.885916 0.127435 0.122921
2 0.257305 0.479990 0.165584 0.240125
2 0.073864 0.146244 0.058442 0.201534
2 0.056006 0.428534 0.074675 0.137215
2 0.032468 0.979406 0.048701 0.041188
7 0.728896 0.884486 0.035714 0.088618
7 0.685471 0.947246 0.044643 0.105508
6 0.723214 0.802301 0.040584 0.052885
6 0.681006 0.860903 0.045455 0.052885
6 0.134740 0.825170 0.045455 0.081471
6 0.428977 0.867335 0.038149 0.042880
6 0.240260 0.024752 0.074675 0.038592
1 0.750406 0.383511 0.109578 0.147220
1 0.899351 0.046906 0.137987 0.077183
1 0.135552 0.381367 0.064935 0.431654
1 0.254870 0.297752 0.147727 0.090047
1 0.057630 0.302039 0.064935 0.075754
1 0.313718 0.981549 0.077110 0.036901
9 0.838474 0.265592 0.050325 0.134356
9 0.924919 0.294893 0.107955 0.095764