1 0.389205 0.209134 0.033279 0.132927
1 0.888393 0.705691 0.091721 0.588618
1 0.808847 0.765138 0.056006 0.130068
1 0.205357 0.614345 0.082792 0.305874
1 0.248782 0.471414 0.068994 0.142932
1 0.309253 0.445686 0.025974 0.065749
1 0.362013 0.841607 0.233766 0.137215
1 0.666396 0.565749 0.035714 0.088618
1 0.161120 0.262019 0.043019 0.130068
1 0.069399 0.209134 0.135552 0.038592
8 0.625000 0.562175 0.034091 0.084330
5 0.736607 0.275597 0.018669 0.165801
5 0.579140 0.129092 0.088474 0.061461
5 0.385552 0.389943 0.090909 0.065749
5 0.442370 0.731549 0.056818 0.042880
5 0.016640 0.128377 0.033279 0.048597
6 0.697646 0.339916 0.033279 0.080042
6 0.542208 0.182691 0.032468 0.054314
2 0.646104 0.474272 0.081169 0.060031
2 0.871347 0.203417 0.091721 0.373052
2 0.431412 0.201273 0.036526 0.137215
2 0.071834 0.368503 0.116071 0.237267
2 0.650162 0.885916 0.180195 0.177235
0 0.527597 0.399948 0.038961 0.028586
9 0.364448 0.618633 0.217532 0.114345
9 0.371347 0.532874 0.125812 0.042880
9 0.368101 0.471414 0.051136 0.051455
9 0.374188 0.715112 0.035714 0.055743