4 0.235390 0.184835 0.470779 0.178665
4 0.588474 0.197699 0.194805 0.190099
4 0.754464 0.662228 0.111201 0.670350
4 0.887987 0.042618 0.066558 0.065749
4 0.828734 0.229144 0.053571 0.095764
4 0.922078 0.304183 0.069805 0.177235
4 0.915584 0.822181 0.146104 0.355638
4 0.952922 0.588618 0.045455 0.057173
4 0.475244 0.036186 0.129058 0.055743
4 0.710227 0.040474 0.082792 0.075754
4 0.738636 0.259875 0.079545 0.125780
0 0.496753 0.369932 0.043831 0.042880
2 0.368506 0.327053 0.129870 0.071466
2 0.662338 0.682238 0.063312 0.058602
2 0.666802 0.954392 0.056006 0.091215
2 0.443994 0.718686 0.198052 0.120063
2 0.498377 0.588618 0.074675 0.122921
2 0.031250 0.919505 0.059253 0.147220
6 0.562094 0.364215 0.031656 0.077183
6 0.283685 0.324194 0.038149 0.060031
6 0.059659 0.314189 0.033279 0.057173
6 0.017857 0.364929 0.035714 0.067178
8 0.565341 0.567178 0.031656 0.062890
1 0.586851 0.808018 0.077922 0.358759
1 0.661120 0.843751 0.049513 0.101482
1 0.461851 0.871623 0.152597 0.134356