3 0.430195 0.219854 0.113636 0.200104
3 0.681818 0.374935 0.074675 0.115775
3 0.868912 0.227715 0.081981 0.095764
3 0.965503 0.512149 0.067370 0.155796
3 0.842532 0.747272 0.040584 0.145790
3 0.887175 0.695817 0.035714 0.051455
3 0.668831 0.067631 0.069805 0.110057
3 0.242289 0.216280 0.107955 0.210110
3 0.346185 0.481419 0.112825 0.208680
4 0.083604 0.503573 0.167208 0.979083
1 0.379464 0.717971 0.041396 0.087188
1 0.584010 0.405665 0.099838 0.140073
1 0.538149 0.029754 0.105519 0.040021
1 0.729708 0.059770 0.043831 0.094335
1 0.929789 0.101935 0.140422 0.152937
1 0.962662 0.312045 0.074675 0.224403
1 0.875812 0.373505 0.073052 0.161513
1 0.838880 0.632927 0.038149 0.060031
1 0.681818 0.486421 0.076299 0.084330
1 0.744724 0.419244 0.039773 0.078612
1 0.909497 0.775144 0.075487 0.078612
1 0.419643 0.841607 0.048701 0.068607
1 0.330357 0.965958 0.048701 0.062890
0 0.497971 0.383511 0.034903 0.027157