4 0.745130 0.503443 0.207792 0.993114
4 0.916802 0.729406 0.075487 0.130068
4 0.989042 0.913073 0.021916 0.160084
4 0.926542 0.030469 0.052760 0.050026
4 0.947240 0.266307 0.058442 0.081471
4 0.984984 0.174116 0.030032 0.165801
4 0.878247 0.284173 0.038961 0.071466
0 0.499188 0.376364 0.035714 0.038592
2 0.535308 0.232003 0.077110 0.178665
2 0.346185 0.027610 0.151786 0.050026
2 0.049107 0.499285 0.077110 0.052885
2 0.069399 0.330626 0.137175 0.287293
2 0.181006 0.715112 0.120130 0.138644
2 0.354302 0.854340 0.192370 0.291320
9 0.056412 0.850898 0.107955 0.172947
7 0.310471 0.522869 0.039773 0.094335
6 0.372565 0.495712 0.060065 0.122921
1 0.380276 0.166969 0.219968 0.194387
1 0.531656 0.089071 0.069805 0.090047
1 0.127435 0.588618 0.150974 0.108628
6 0.249594 0.052624 0.030032 0.062890