2 0.475244 0.263448 0.078734 0.150078
2 0.882305 0.197699 0.069805 0.381628
2 0.721185 0.565749 0.242695 0.105770
2 0.718750 0.444257 0.148539 0.122921
2 0.756494 0.850898 0.116883 0.287293
2 0.977679 0.491424 0.044642 0.060031
2 0.971997 0.782290 0.056006 0.127209
2 0.404627 0.647934 0.135552 0.135785
2 0.474026 0.835890 0.087662 0.117204
2 0.489448 0.450689 0.048701 0.095764
0 0.422484 0.399948 0.039773 0.031445
1 0.614042 0.262019 0.119318 0.158654
1 0.616883 0.719400 0.125000 0.158654
1 0.961445 0.216995 0.068994 0.137215
1 0.962662 0.622921 0.068182 0.157225
4 0.295860 0.185550 0.106331 0.351612
4 0.084416 0.355639 0.056818 0.102911
4 0.189935 0.212707 0.055195 0.054314
4 0.144886 0.546453 0.132305 0.110057
4 0.275162 0.610772 0.110390 0.473104
4 0.170049 0.934513 0.284903 0.128639
4 0.146916 0.785864 0.061688 0.088618
4 0.133929 0.034042 0.042208 0.057173
4 0.212662 0.113370 0.035714 0.055743
1 0.352679 0.949390 0.060877 0.101220
1 0.645698 0.949390 0.091721 0.101220