1 0.311266 0.327357 0.074836 0.087414
1 0.298520 0.660259 0.075658 0.074302
1 0.255757 0.734561 0.080592 0.088871
1 0.765214 0.556091 0.040296 0.084500
1 0.845806 0.553905 0.045230 0.085957
1 0.502878 0.180210 0.078125 0.279725
1 0.685444 0.055139 0.143914 0.110278
1 0.072368 0.381262 0.139803 0.576933
1 0.976563 0.648604 0.046874 0.502631
1 0.962993 0.111007 0.050987 0.211251
0 0.499187 0.373507 0.035211 0.025912
1 0.231908 0.038890 0.032895 0.067018
1 0.795230 0.034014 0.074013 0.068028
1 0.445313 0.279279 0.035362 0.078673
3 0.800731 0.499281 0.039773 0.079089