0 0.499178 0.373250 0.037829 0.036423
1 0.728207 0.183124 0.339638 0.340915
1 0.892270 0.459207 0.149671 0.368596
1 0.651727 0.532052 0.101151 0.394820
1 0.759457 0.734561 0.370888 0.356941
1 0.589638 0.960887 0.129934 0.078226
1 0.339227 0.610725 0.038651 0.115095
1 0.394737 0.724363 0.087171 0.088871
1 0.347862 0.252327 0.044408 0.138406
1 0.407072 0.196964 0.074013 0.033509
1 0.094984 0.192594 0.037007 0.129664
1 0.038240 0.220275 0.076480 0.088871
1 0.099507 0.548078 0.044408 0.316148
3 0.742289 0.488496 0.036526 0.069023