0 0.498782 0.369144 0.034903 0.031636
3 0.947646 0.449671 0.034903 0.071899
3 0.956169 0.567585 0.040584 0.077651
3 0.053571 0.342541 0.032468 0.079089
3 0.090909 0.343979 0.027597 0.076213
3 0.038961 0.489934 0.034091 0.043139
3 0.016234 0.397184 0.032468 0.076213
3 0.121347 0.431696 0.036526 0.033074
2 0.401380 0.327442 0.070617 0.184062
2 0.192370 0.827860 0.069805 0.204193
2 0.362419 0.888255 0.073864 0.204193
1 0.644886 0.139067 0.080357 0.273216
1 0.820617 0.037898 0.144481 0.075795
1 0.475244 0.310905 0.039773 0.145236
1 0.439123 0.278551 0.030844 0.077651
1 0.433036 0.650988 0.036526 0.158178
1 0.394075 0.679748 0.039773 0.094907
1 0.116071 0.668963 0.077922 0.306290
1 0.038555 0.625823 0.073864 0.225763
1 0.228896 0.546015 0.176948 0.161054
1 0.232955 0.264890 0.167208 0.142360
1 0.203734 0.402936 0.105519 0.107849
1 0.098214 0.180768 0.194805 0.175434
1 0.589286 0.233973 0.030844 0.086279
1 0.989042 0.507190 0.021916 0.092031