1 0.622565 0.029270 0.035714 0.058540
1 0.253247 0.208809 0.037338 0.073337
1 0.734984 0.051559 0.033279 0.103117
1 0.573864 0.236130 0.073052 0.050329
1 0.592938 0.309467 0.043019 0.093469
1 0.442776 0.215280 0.038149 0.201317
1 0.383929 0.263452 0.073052 0.081965
1 0.396104 0.640922 0.042208 0.080527
1 0.454140 0.675434 0.075487 0.138046
1 0.599432 0.706350 0.038149 0.090593
1 0.536932 0.771778 0.086851 0.092031
1 0.688718 0.948650 0.041396 0.063271
3 0.946023 0.425944 0.034903 0.076213
2 0.717127 0.820670 0.073864 0.201317
0 0.499594 0.389994 0.033279 0.024446
3 0.221997 0.167826 0.025162 0.080527
1 0.793831 0.340384 0.183442 0.143798
1 0.869724 0.192991 0.067370 0.148112
1 0.945211 0.269204 0.109578 0.191252
1 0.937094 0.719292 0.125812 0.228639
1 0.920049 0.888974 0.088474 0.104973
1 0.783279 0.629418 0.176948 0.152426
1 0.832386 0.474835 0.107955 0.130856